9
4
4 8 15 16 23 42
8 6 7 5 30 9
1 2 3 4 55 6
2 10 18 36 54 86
2
1 2 3 4 5 6
60 50 40 30 20 10
3
1 2 3 4 5 6
1 2 3 4 5 6
1 4 2 6 5 3
30
7564 7565 7567 7563 7568 7566
7567 7564 7568 7563 7565 7566
7564 7568 7567 7566 7563 7565
7568 7564 7563 7567 7565 7566
7565 7566 7568 7563 7564 7567
7564 7563 7566 7568 7567 7565
7568 7565 7567 7566 7563 7564
7567 7564 7568 7566 7563 7565
7564 7568 7567 7565 7566 7563
7564 7568 7566 7565 7567 7563
7563 7564 7565 7567 7566 7568
7566 7568 7567 7565 7563 7564
7566 7565 7563 7564 7567 7568
7568 7567 7564 7566 7565 7563
7568 7564 7567 7566 7563 7565
7568 7565 7566 7567 7563 7564
7563 7568 7566 7567 7565 7564
7566 7563 7567 7564 7568 7565
7565 7567 7564 7566 7568 7563
7563 7566 7567 7568 7564 7565
7563 7567 7566 7564 7568 7565
7563 7564 7565 7568 7566 7567
7563 7566 7568 7564 7565 7567
7566 7568 7565 7567 7563 7564
7566 7565 7568 7567 7564 7563
7565 7566 7568 7564 7563 7567
7563 7565 7564 7567 7566 7568
7563 7567 7564 7568 7566 7565
7564 7565 7568 7563 7567 7566
7564 7568 7565 7567 7566 7563
30
9484 9487 9488 9482 9485 9486
9489 9494 9496 9491 9495 9493
9497 9499 9495 9494 9498 9496
9483 9486 9482 9480 9479 9484
9498 9493 9496 9495 9500 9492
9494 9491 9493 9496 9497 9495
9496 9495 9499 9503 9500 9497
9496 9497 9494 9495 9498 9500
9491 9493 9486 9488 9494 9489
9493 9499 9501 9498 9500 9494
9485 9482 9490 9487 9489 9483
9487 9494 9490 9488 9492 9491
9483 9482 9484 9481 9477 9479
9480 9478 9477 9481 9476 9482
9471 9474 9472 9473 9468 9467
9469 9473 9468 9470 9475 9476
9486 9489 9487 9485 9488 9484
9491 9485 9487 9493 9486 9492
9490 9487 9491 9485 9489 9483
9480 9476 9477 9483 9481 9482
9498 9502 9503 9499 9496 9501
9486 9487 9483 9480 9485 9484
9472 9478 9473 9471 9474 9476
9488 9490 9495 9491 9494 9493
9474 9477 9475 9479 9472 9476
9477 9470 9476 9471 9474 9473
9483 9482 9479 9481 9478 9480
9485 9478 9480 9481 9483 9479
9477 9471 9470 9473 9474 9478
9476 9475 9479 9478 9474 9480
10
9553 9554 9548 9551 9558 9557
9557 9554 9552 9556 9549 9548
9554 9557 9550 9555 9556 9549
9550 9554 9557 9556 9555 9553
9549 9557 9553 9551 9556 9552
9555 9551 9556 9557 9553 9552
9552 9548 9555 9554 9553 9551
9550 9555 9549 9556 9557 9552
9554 9556 9552 9551 9557 9548
9549 9557 9548 9558 9553 9552
30
3349 3353 3352 3351 3348 3350
3353 3347 3354 3348 3350 3352
3349 3347 3355 3348 3352 3354
3355 3349 3354 3347 3352 3351
3353 3347 3355 3352 3350 3349
3352 3349 3347 3355 3348 3353
3347 3349 3352 3355 3353 3348
3347 3349 3352 3350 3351 3353
3352 3347 3355 3349 3350 3348
3351 3349 3352 3353 3350 3348
3351 3353 3355 3348 3354 3349
3354 3348 3351 3350 3352 3353
3354 3347 3349 3348 3352 3353
3355 3347 3353 3349 3354 3352
3351 3350 3355 3354 3347 3353
3355 3350 3354 3352 3353 3351
3354 3350 3348 3355 3349 3351
3351 3347 3353 3352 3355 3349
3355 3354 3347 3351 3352 3349
3352 3347 3348 3350 3353 3354
3354 3353 3347 3355 3349 3351
3347 3355 3352 3354 3350 3348
3352 3353 3349 3348 3354 3351
3351 3347 3349 3348 3355 3350
3354 3352 3348 3355 3347 3350
3348 3353 3350 3347 3355 3354
3349 3355 3351 3348 3350 3347
3352 3350 3354 3355 3353 3347
3355 3349 3347 3354 3351 3352
3353 3348 3349 3350 3352 3351
98
6802 6864 6836 6871 6841 6855
6790 6765 6745 6833 6769 6819
6822 6868 6845 6796 6770 6766
6805 6872 6853 6848 6759 6795
6868 6780 6834 6732 6758 6803
6827 6748 6762 6859 6745 6755
6864 6760 6755 6766 6817 6753
6792 6822 6854 6774 6742 6731
6872 6818 6816 6728 6826 6845
6759 6730 6773 6805 6774 6842
6745 6746 6867 6766 6832 6740
6779 6846 6731 6811 6782 6762
6824 6731 6763 6848 6741 6733
6766 6835 6736 6820 6841 6861
6743 6757 6821 6835 6804 6791
6773 6798 6737 6806 6782 6736
6776 6807 6739 6827 6792 6734
6762 6817 6770 6831 6872 6822
6800 6736 6769 6790 6868 6849
6727 6832 6767 6755 6761 6752
6801 6848 6727 6800 6797 6817
6803 6762 6832 6727 6802 6729
6753 6740 6847 6822 6801 6807
6820 6799 6744 6786 6764 6787
6858 6754 6791 6784 6827 6783
6787 6816 6851 6751 6836 6775
6745 6781 6868 6852 6747 6787
6834 6855 6806 6727 6818 6762
6870 6731 6808 6757 6794 6832
6739 6810 6855 6753 6826 6780
6820 6781 6792 6835 6872 6837
6817 6788 6808 6821 6799 6751
6842 6853 6828 6776 6855 6754
6816 6740 6784 6778 6805 6751
6866 6855 6870 6863 6765 6828
6767 6794 6752 6780 6829 6815
6808 6769 6861 6831 6865 6842
6785 6727 6864 6774 6733 6741
6756 6810 6739 6793 6778 6765
6828 6850 6729 6820 6733 6849
6827 6807 6727 6736 6777 6744
6864 6836 6787 6870 6736 6847
6829 6803 6786 6800 6804 6755
6753 6835 6824 6841 6787 6813
6777 6842 6811 6820 6735 6772
6772 6828 6830 6758 6855 6862
6846 6788 6763 6737 6810 6837
6830 6774 6728 6739 6863 6746
6867 6845 6767 6749 6812 6813
6737 6792 6862 6853 6791 6832
6814 6784 6811 6732 6731 6758
6759 6806 6796 6827 6758 6731
6859 6764 6779 6729 6787 6762
6830 6797 6764 6773 6854 6807
6801 6779 6759 6766 6854 6793
6811 6867 6854 6809 6825 6739
6865 6800 6866 6785 6871 6730
6757 6785 6752 6824 6807 6863
6816 6819 6727 6822 6850 6742
6734 6741 6775 6795 6803 6780
6862 6732 6755 6768 6757 6844
6790 6782 6810 6825 6803 6781
6870 6844 6747 6840 6777 6868
6726 6783 6861 6776 6827 6778
6871 6753 6801 6821 6758 6825
6793 6857 6810 6771 6785 6731
6809 6797 6838 6803 6816 6750
6841 6765 6829 6803 6791 6831
6761 6838 6753 6763 6726 6856
6758 6778 6820 6761 6732 6727
6733 6807 6795 6800 6822 6818
6729 6814 6728 6800 6855 6755
6815 6758 6728 6820 6737 6773
6844 6870 6746 6865 6779 6847
6747 6848 6830 6807 6831 6790
6797 6862 6750 6847 6740 6781
6809 6837 6815 6735 6811 6840
6864 6822 6746 6839 6785 6810
6739 6856 6791 6744 6747 6818
6728 6836 6746 6824 6809 6832
6828 6812 6866 6832 6819 6846
6762 6803 6742 6848 6732 6749
6843 6728 6864 6788 6856 6857
6769 6854 6853 6825 6805 6750
6825 6839 6734 6855 6779 6795
6851 6762 6817 6865 6739 6801
6799 6811 6767 6797 6776 6775
6787 6796 6853 6808 6763 6833
6825 6788 6746 6843 6864 6856
6814 6792 6824 6853 6770 6825
6869 6810 6830 6791 6735 6853
6812 6863 6794 6804 6820 6742
6811 6730 6832 6796 6848 6734
6771 6823 6733 6760 6734 6806
6866 6727 6741 6852 6822 6863
6854 6799 6860 6831 6771 6855
6780 6871 6823 6799 6750 6776
6769 6825 6757 6795 6869 6808
99
4465 4429 4442 4509 4521 4403
4485 4490 4421 4412 4481 4503
4472 4443 4470 4388 4452 4503
4492 4449 4439 4438 4398 4456
4531 4486 4444 4450 4462 4476
4416 4435 4503 4468 4430 4440
4462 4390 4519 4466 4414 4475
4520 4439 4395 4408 4490 4442
4413 4476 4510 4385 4440 4472
4392 4393 4428 4478 4528 4449
4520 4422 4525 4396 4451 4475
4495 4492 4403 4488 4463 4458
4425 4412 4524 4410 4530 4517
4445 4504 4392 4527 4476 4430
4426 4490 4418 4497 4486 4390
4478 4509 4417 4427 4392 4523
4404 4399 4410 4432 4388 4431
4510 4388 4446 4459 4488 4476
4434 4442 4512 4467 4458 4428
4429 4436 4403 4440 4501 4522
4443 4469 4396 4493 4394 4451
4451 4522 4428 4437 4460 4420
4424 4494 4524 4523 4528 4418
4513 4441 4455 4472 4461 4524
4427 4405 4486 4525 4472 4410
4476 4471 4428 4509 4483 4419
4399 4506 4487 4411 4499 4465
4404 4408 4519 4520 4491 4479
4516 4506 4405 4481 4412 4450
4402 4456 4422 4491 4406 4479
4437 4447 4416 4408 4449 4482
4390 4500 4526 4403 4482 4392
4462 4426 4481 4459 4395 4491
4482 4437 4452 4447 4525 4442
4459 4488 4434 4489 4492 4509
4460 4475 4476 4465 4436 4480
4447 4393 4511 4407 4491 4518
4497 4438 4420 4531 4501 4441
4430 4492 4489 4518 4420 4458
4452 4531 4407 4415 4478 4522
4468 4482 4411 4427 4439 4403
4403 4454 4461 4452 4421 4443
4455 4492 4461 4519 4428 4411
4523 4507 4448 4505 4460 4442
4402 4478 4452 4479 4392 4386
4447 4409 4387 4521 4433 4466
4427 4481 4506 4412 4466 4438
4489 4411 4397 4436 4414 4504
4408 4530 4484 4386 4398 4394
4402 4530 4518 4417 4398 4521
4462 4525 4468 4475 4490 4427
4465 4471 4410 4483 4504 4399
4462 4421 4477 4499 4457 4506
4495 4456 4420 4450 4385 4392
4529 4519 4409 4494 4459 4429
4412 4475 4398 4387 4503 4421
4482 4447 4476 4415 4417 4408
4463 4437 4524 4412 4484 4514
4508 4410 4454 4479 4478 4503
4532 4387 4486 4509 4504 4414
4490 4482 4492 4478 4397 4432
4486 4529 4435 4393 4421 4452
4495 4516 4424 4413 4508 4486
4461 4445 4469 4436 4478 4497
4392 4455 4387 4453 4469 4420
4388 4456 4399 4447 4458 4532
4416 4451 4524 4494 4408 4492
4526 4445 4456 4488 4478 4521
4420 4457 4447 4438 4487 4412
4510 4404 4450 4466 4400 4411
4485 4510 4433 4455 4404 4475
4516 4451 4452 4446 4415 4510
4503 4442 4443 4441 4530 4429
4478 4445 4468 4522 4410 4460
4438 4488 4435 4418 4462 4388
4464 4527 4404 4431 4412 4522
4528 4487 4412 4395 4520 4512
4463 4495 4428 4443 4524 4406
4437 4476 4466 4414 4477 4468
4505 4520 4424 4403 4412 4488
4465 4412 4387 4422 4507 4392
4503 4452 4398 4437 4422 4446
4478 4424 4402 4471 4464 4426
4424 4447 4457 4498 4483 4403
4500 4498 4411 4522 4473 4405
4501 4495 4437 4431 4407 4494
4415 4469 4409 4474 4440 4461
4438 4499 4409 4390 4508 4456
4500 4497 4445 4481 4521 4435
4465 4498 4522 4520 4478 4529
4386 4427 4393 4520 4431 4396
4424 4525 4389 4410 4385 4405
4394 4487 4434 4420 4451 4459
4518 4425 4532 4455 4515 4458
4391 4446 4509 4501 4440 4423
4386 4512 4459 4425 4430 4499
4463 4438 4436 4459 4521 4429
4427 4503 4498 4512 4524 4468
4522 4512 4489 4461 4503 4451
